tag_0:
  x: 2.770554
  y: 0.577502
  z: 0.325606
  roll: 0
  pitch: -1.564062
  yaw: 0