tag_0:
  x: 2.781910
  y: -1.232000
  z: 0.289752
  roll: 0.0
  pitch: -1.568730
  yaw: 0.0
tag_1:
  x: 2.788600   
  y: -4.839570
  z: 0.337347
  roll: 0.0
  pitch: -1.566571
  yaw: 0.0
tag_2:
  x: -1.133630
  y: -5.207520
  z: 0.297011
  roll: 0.0
  pitch: 1.569170
  yaw: 0.0
tag_3:
  x: -1.174440
  y: -1.267840
  z: 0.322428
  roll: 0.0
  pitch: 1.565559
  yaw: 0.0