tag_0:
  x: 2.768033
  y: -1.225031
  z: 0.325606
  roll: 0
  pitch: -1.564060
  yaw: 0
tag_1:
  x: 2.790113   
  y: -4.768875
  z: 0.384798
  roll: 3.141590
  pitch: -1.556350
  yaw: 3.141590
tag_2:
  x: -1.137117
  y: -4.950010
  z: 0.355476
  roll: 0
  pitch: 1.568068
  yaw: 0
tag_3:
  x: -1.182839
  y: -1.071930
  z: 0.298299
  roll: 3.141593
  pitch: 1.569149
  yaw: 3.141593